0.9925 0.05703                                     
0.9801 0.05834                                     
0.97096 0.06098                                     
0.96117 0.06229                                     
0.95204 0.06427                                     
0.94289 0.06558                                     
0.93377 0.06756                                     
0.92398 0.06887                                     
0.91485 0.07019                                     
0.90571 0.07216                                     
0.89592 0.07348                                     
0.88679 0.07545                                     
0.87765 0.07677                                     
0.86785 0.07808                                     
0.85873 0.08006                                     
0.84959 0.08137                                     
0.83979 0.08335                                     
0.83067 0.08401                                     
0.82088 0.08532                                     
0.8124 0.08861                                     
0.80261 0.08993                                     
0.79347 0.09124                                     
0.78434 0.09322                                     
0.77455 0.09453                                     
0.76542 0.09585                                     
0.75563 0.09717                                     
0.74649 0.09848                                     
0.73736 0.10111                                     
0.72821 0.10243                                     
0.71909 0.10375                                     
0.7093 0.10572                                     
0.70016 0.10704                                     
0.69103 0.10835                                     
0.68123 0.11033                                     
0.6721 0.1123                                     
0.66297 0.11362                                     
0.65383 0.11493                                     
0.64405 0.11691                                     
0.63491 0.11888                                     
0.62577 0.1202                                     
0.61663 0.12217                                     
0.60685 0.12349                                     
0.59772 0.12546                                     
0.58857 0.12743                                     
0.57879 0.12875                                     
0.56966 0.13072                                     
0.56052 0.1327                                     
0.55139 0.13401                                     
0.54225 0.13599                                     
0.53246 0.13665                                     
0.52333 0.13862                                     
0.51419 0.13994                                     
0.5044 0.14124                                     
0.49527 0.14323                                     
0.48548 0.14454                                     
0.47635 0.14652                                     
0.46655 0.14717                                     
0.45742 0.14915                                     
0.44829 0.15046                                     
0.4385 0.15178                                     
0.42936 0.1531                                     
0.41958 0.15441                                     
0.41044 0.15507                                     
0.40065 0.15705                                     
0.39086 0.1577                                     
0.38173 0.15902                                     
0.37194 0.15968                                     
0.36215 0.16034                                     
0.35237 0.161                                     
0.34257 0.16166                                     
0.33279 0.16166                                     
0.323 0.16166                                     
0.31256 0.16166                                     
0.30277 0.16166                                     
0.29299 0.16166                                     
0.28254 0.16167                                     
0.27276 0.16101                                     
0.26362 0.1597                                     
0.25383 0.15904                                     
0.24405 0.15904                                     
0.23426 0.15839                                     
0.22447 0.15707                                     
0.21468 0.15642                                     
0.20555 0.15445                                     
0.19576 0.15379                                     
0.18662 0.15182                                     
0.17749 0.15051                                     
0.1677 0.1492                                     
0.15922 0.14657                                     
0.15008 0.1446                                     
0.14095 0.14263                                     
0.13181 0.14066                                     
0.12268 0.13869                                     
0.11354 0.13606                                     
0.10506 0.13343                                     
0.09657 0.13014                                     
0.08744 0.12686                                     
0.07896 0.12357                                     
0.07047 0.11963                                     
0.06199 0.11569                                     
0.05416 0.1124                                     
0.04568 0.1078                                     
0.03785 0.10254                                     
0.03002 0.09663                                     
0.02284 0.09071                                     
0.01566 0.08348                                     
0.00978793 0.07625                                     
0.0045677 0.06771                                     
0.00261011 0.05851                                                         
0.00522023 0.0493                                     
0.0124 0.04273                                     
0.02023 0.03812                                     
0.02871 0.03484                                     
0.03719 0.03089                                     
0.04568 0.02826                                     
0.05416 0.02629                                     
0.0633 0.02365                                     
0.07243 0.02234                                     
0.08157 0.02037                                     
0.0907 0.01839                                     
0.10049 0.01708                                     
0.10962 0.0151                                     
0.11941 0.01444                                     
0.12855 0.01313                                     
0.13834 0.01247                                     
0.14812 0.01181                                     
0.15726 0.00983471                                     
0.16705 0.0098331                                     
0.17683 0.00917413                                     
0.18662 0.00785778                                     
0.19641 0.0071988                                     
0.2062 0.00719719                                     
0.21599 0.00719558                                     
0.22577 0.0065366                                     
0.23556 0.00522025                                     
0.24535 0.00456127                                     
0.25514 0.00455966                                     
0.26493 0.00455805                                     
0.27537 0.00455634                                     
0.28515 0.00455473                                     
0.29494 0.00455312                                     
0.30538 0.00455141                                     
0.31517 0.0045498                                     
0.32496 0.00454819                                     
0.3354 0.00454647                                     
0.34454 0.00520234                                     
0.35432 0.00454336                                     
0.36476 0.00454165                                     
0.37455 0.00454004                                     
0.38434 0.0051958                                     
0.39413 0.00519419                                     
0.40392 0.00584995                                     
0.4137 0.00650572                                     
0.42349 0.00650411                                     
0.43327 0.00715987                                     
0.44307 0.00781563                                     
0.45285 0.00847139                                     
0.46264 0.00912716                                     
0.47243 0.00978292                                     
0.48221 0.00978131                                     
0.49201 0.01109                                     
0.50179 0.01175                                     
0.51158 0.01241                                     
0.52137 0.0124                                     
0.53051 0.01372                                     
0.54029 0.01437                                     
0.55008 0.01503                                     
0.55987 0.01568                                     
0.56966 0.017                                     
0.57879 0.01765                                     
0.58857 0.01831                                     
0.59837 0.01897                                     
0.60816 0.01962                                     
0.61794 0.02028                                     
0.62773 0.02159                                     
0.63687 0.02225                                     
0.64666 0.0229                                     
0.65644 0.02421                                     
0.66623 0.02487                                     
0.67601 0.02553                                     
0.68581 0.02618                                     
0.69494 0.0275                                     
0.70473 0.02815                                     
0.71452 0.02881                                     
0.72365 0.03012                                     
0.73343 0.03078                                     
0.74323 0.03209                                     
0.75302 0.03274                                     
0.76215 0.03472                                     
0.77193 0.03537                                     
0.78173 0.03537                                     
0.79152 0.03537                                     
0.80196 0.03537                                     
0.81109 0.03668                                     
0.82088 0.03865                                     
0.83002 0.03865                                     
0.83979 0.03996                                     
0.84959 0.04062                                     
0.85873 0.04193                                     
0.86852 0.04324                                     
0.87829 0.0439                                     
0.88744 0.04521                                     
0.89723 0.04587                                     
0.90701 0.04718                                     
0.91679 0.04849                                     
0.92594 0.04849                                     
0.93573 0.05046                                     
0.94486 0.05112                                     
0.95465 0.05178                                     
0.96444 0.05309                                     
0.97423 0.05374                                     
